params[0] = 6009.82227
params[1] = 5972.57324
params[2] = 2061.98486
params[3] = 1497.93555
params[4] = 0.00000
params[5] = 0.32531
params[6] = -4.43137
params[7] = 18.12333
params[8] = 403200.00000
params[9] = 302400.00000
params[10] = 3090.54443
params[11] = 3075.64160
params[12] = 2028.06055
params[13] = 1537.59424
params[14] = 0.00000
params[15] = 0.17732
params[16] = -0.62092
params[17] = 0.61151
params[18] = 403200.00000
params[19] = 302400.00000
params[20] = -0.00214
params[21] = 0.00372
params[22] = 0.00285
params[23] = 0.12213
params[24] = -0.21334
params[25] = -0.16306
params[26] = 11.59298
params[27] = 0.00927
params[28] = 0.00696
params[29] = 0.41939
params[30] = 1.94298
params[31] = 5470.00000
params[32] = 0.00000
params[33] = 0.00000
params[34] = 0.00000
params[35] = 0.00000
params[36] = 0.00000
params[37] = 0.00000
params[38] = 0.00000
params[39] = 0.00000
params[40] = 0.00000
params[41] = 0.00000
params[42] = 0.00000
params[43] = 0.00000
params[44] = 0.00000
params[45] = 0.00000
params[46] = 0.00000
params[47] = 0.00000
params[48] = 0.00000
params[49] = 0.00000
